0.9646549
-0.35135801
0.17926559
-0.28233727
-0.62809698
-1.4416975
0.015600354
3.4328015
5.2178479
0.11276017
0.58764554
0.48132443
0.62897048
0.13513992
0.25638221
0.92091519
-0.74311689
1.6480751
1.0248012
-0.92354302
1.0817762
0.83297586
-0.77135499
0.76705663
1.2114378
1.1376161
0.53953438
-0.49560078
-1.6932338
1.0710086
-0.62879923
0.60106237
-0.20909854
0.18033306
1.3578633
1.9545263
0.65236418
-1.3967145
0.31483446
0.018420011
-1.4416975
7.5459632
0.8200069
-0.54448956
-1.2561839
1.8009937
-0.39612991
0.79929035
0.24837727
0.12091501
1.0082487
-0.9211959
0.58922955
0.5945535
2.2992118
0.83448682
2.518301
0.85622396
-0.29461104
0.40437497
-0.23587637
5.2607791
-0.52330747
-1.3353662
0.72193005
1.1301708
0.76230683
2.1553925
-0.38958258
3.401032
2.5952575
0.21926772
1.2509774
0.50694319
-1.4903012
2.3487066
0.2043854
-0.46146784
0.62021481
0.45071215
-0.54787443
0.70696804
1.1033206
-0.43876312
0.124761
-0.85722275
0.0071874186
3.7783976
0.57768958
0.10813745
0.83442031
1.1495672
0.31274389
-0.82298726
-0.77788479
-0.57091793
1.1803222
-0.16106739
-0.29461104
0.48138701
-0.93799939
0.017149781
-0.89204294
0.26469705
0.96214538
1.087036
-0.65140583
-0.25144403
-0.0038958016
-1.3900924
2.8180402
0.72814692
-1.5280254
-0.53810777
1.2654348
0.74566863
-0.55121648
0.95747257
-0.42508813
2.1661091
0.20617443
0.23209418
-2.4005446
2.2283942
0.080266357
1.1021541
0.99994174
0.89437339
2.4088983
-0.56264086
0.23044664
0.024164558
1.1077269
1.86844
0.65483664
-0.32680788
0.88056925
-0.28291607
-0.16427465
-0.44573649
-1.5052177
-1.0554657
-0.19149781
-0.26766181
-1.0546789
-0.011820468
-0.55694576
-0.8912721
0.55999932
5.4652548
0.91821071
-0.41584655
0.63834868
0.7230432
-0.72765297
0.31740136
1.5838021
0.075485448
1.8447901
-0.80864329
-0.47238472
0.13507522
1.2940954
-1.0426186
1.4507494
0.52290009
0.45522271
0.044184439
-0.53229346
-0.54629446
-0.85410582
0.96919263
2.0203435
0.31255927
-0.043685321
-1.7808868
-0.76378927
0.55073795
0.26217048
0.29118028
0.53199073
2.77444
1.8795263
0.20867622
0.68893465
-0.024427819
-0.43140869
0.62472655
-0.87589778
1.9365822
2.9625869
-0.71021546
-0.99658241
1.0004933
4.2169324
-0.90454321
-0.67626126
-1.7736144
0.77393369
-0.57509131
-2.1977034
0.12281847
1.5617924
1.3995697
-0.99953225
-0.31799465
0.52973501
-0.37624568
1.7413223
0.85526449
1.0621624
2.1119689
0.43546067
-1.2441985
1.1429611
1.3734564
0.62099103
0.74713266
-0.31266884
-0.75001193
0.92601236
-1
1.3813981
0.80577486
0.76502086
2.2387501
-1.1516088
2.2729
0.20482397
-0.82385751
-0.92881747
1.2613847
-0.52465206
-0.35662292
-0.8457833
0.52227383
1.2462363
0.0090946585
-0.67349483
0.8409275
0.47511379
0.87440365
0.34275292
0.70312752
0.35323598
-0.38572002
0.33765632
6.9436288
0.76230683
1.0330689
0.91171235
1.1787769
3.1984011
-0.43231321
3.4044199
-0.90523567
-3.6856285
2.1482634
1.3462213
3.7783976
-0.39197425
0.30064823
-0.42142478
0.9145683
-0.30893484
1.2188418
3.2278941
0.32403452
1.4339339
1.0001122
0.56112821
-0.48691509
-1.1656634
0.74842638
0.78939361
0.45438347
0.84504207
0.16894597
-1.3567731
-0.57645826
1.7653484
-0.41043795
-1.3003176
3.8189325
-0.14438067
-0.33739222
13.788153
0.52427813
-0.87124049
4.2169324
-2.1977034
0.14746592
0.29716183
-1.8414838
1.2898142
0.41571667
-0.62672722
1.1461607
0.2428748
0.35154607
1.3236701
0.45756111
0.10164624
0.35180097
-0.16106739
-0.16367566
2.6949785
0.33394429
10.497649
4.8863827
1.4575466
-0.18859496
1.2041606
3.1859185
2.5611173
-0.52417128
-0.46500602
-0.61408684
-0.86825186
0.1564304
1.1783937
-0.12907339
-1.8474257
-0.70977104
2.2570961
-0.95695323
-1.0001156
-0.73433481
0.29220806
2.0118323
4.2169324
-0.81642618
0.31722095
0.47523643
-0.57735622
3.2968176
0.32472129
2.2722148
4.6564154
1.3433715
1.9167432
0.040356906
1.5071492
3.3790177
-1.000553
-1.3530226
0.24268331
-0.52777882
0.89481708
1.6632637
1.4122569
0.25830679
0.99251462
0.87886416
0.3495561
0.5603537
2.189861
-4.2647415
0.65527962
2.1907391
0.18993978
0.34855905
0.23125529
-1.5326224
8.4312541
2.1033336
-0.73764471
-1.3127414
-0.11800911
-1.3353662
-0.19994278
-0.42888999
-1.1262456
1.4454434
0.37173661
-1.1221548
1.183665
1.0130209
0.40518318
-5.9586666
1.109853
1.0720451
1.2960458
2.059164
-0.19357711
-0.99690183
-0.65423131
3.5180946
1.0001217
-0.84332475
0.27919154
0.84729503
0.098163009
1.2939137
-1.7363376
-1.5225566
0.63663316
2.1685386
1.3041873
1.8672592
0.86650387
1.1173618
-0.20294234
-0.98670026
0.1711949
-2.1488721
0.099874926
6.3510957
1.6488185
0.97441391
0.41555105
1.0016374
-0.80412445
0.890601
4.2169324
1.2654348
1.3814059
2.4692685
1.5830234
0.48138701
0.92685599
-0.0038958016
0.69433983
-0.17735867
1.0990933
1.2613847
-1.0351098
0.65559412
0.37246426
-0.76245114
0.47012262
-1.6284863
-0.53879848
-0.48626334
1.2140248
-0.79320046
0.61948239
-0.54228728
-0.1073074
0.66575733
0.33682027
-0.30488458
-1.0817799
1.5716194
0.29262308
0.37415252
-0.091223514
-0.50822594
-0.4951197
-0.99900222
1.1901657
0.56023276
-0.5530285
-0.90246712
0.86048267
-1.0316528
-3.3194223
7.3178503
5.686379
0.7802738
2.6505868
-0.95071909
1.2047731
0.84553058
0.53002429
0.99118289
0.47527631
0.20987529
0.69051016
-0.20543517
0.077308645
-0.74910936
1.3978089
-0.17634288
-2.6208611
-4.0647185
0.91952163
0.74610349
-0.6438362
0.41831505
2.0479064
2.0023595
0.54028318
0.67670383
-2.1445505
-1.0107467
-0.30383668
0.8486489
1.3026017
-0.36331868
1.8065772
-0.57078553
0.97432737
0.40773675
-0.70005078
3.3072841
-0.38488492
-0.57765036
-0.58534098
-0.71954478
-1.5932764
-0.33739222
-0.82242022
0.80992012
0.28830506
1.8649211
0.28449627
1.4823568
0.14117708
-0.99690183
0.84304929
-0.85452331
-0.78504759
0.49214582
1.4393276
-0.86241881
0.89026782
-0.48669342
-0.52286699
0.95647524
-0.40310788
1.0986849
0.77057544
-1.5429446
-0.82529244
0.76230683
-0.57304284
0.89664685
0.42782842
0.79576238
-1.5137353
0.34698127
-1.3807574
-0.51795359
1.889543
4.7677165
0.23388387
7.5459632
-0.44820884
-0.40560893
0.377852
-0.46418246
-1.0154263
1.2263327
0.75590781
-0.92247688
0.99075765
-2.5160109
0.23698299
2.9300473
5.2607791
-1.1156898
-0.63877637
-1.5821485
0.19886713
0.51771275
0.95644804
-0.44232927
-0.68609308
1.7669991
-1.1761714
-0.7461471
1.6199
-1.7444014
-0.79891293
0.43728136
-1.0601374
-0.68673333
0.17830541
0.54997922
-2.0692383
-0.34410361
-0.48149843
1.3330285
1.7653484
0.58170909
0.7492899
0.80713642
2.6511727
-0.69897684
0.76858699
-0.98756877
3.7783976
1.1692361
-1.6631151
-1.2793211
1.0091378
0.11600501
1.2487476
0.25130271
0.32405996
0.88841833
1.212793
-0.041794258
0.3563219
-1.315317
1.5380745
-0.17497963
1.3667622
-0.39440594
1.6098134
0.3521694
0.53712068
-0.21628154
2.0203435
1.5950281
-0.98608031
0.23933624
1.1106691
4.6564154
-0.49042592
0.65286391
0.55642149
0.28740747
-0.37638019
0.63503863
2.2864738
0.79061808
0.96681587
-0.90347553
1.3269167
1.084933
1.6434934
-0.95373634
0.20420347
0.070775286
0.55203664
-2.3417683
0.69711318
0.046789414
0.3536898
-0.65511642
0.064057748
0.32601355
3.8049165
1.087036
0.64635929
0.39435564
0.54031134
0.13334199
0.71284085
0.97258335
0.46526494
0.94670395
0.91339239
1.8649211
-5.9586666
0.52359752
0.3731853
1.5830234
0.070313789
0.95958228
0.97432737
-3.2112996
1.7061622
1.7567704
-0.1308267
0.8782434
-0.43848315
0.46877568
1.9510189
0.23637571
0.75002019
-4.5061179
5.2607791
-1.7771739
-0.83835256
5.3804556
2.6511727
0.48172676
1.2600514
-0.33104807
1.1290973
-0.9452044
-0.33201588
0.56486531
-0.26040623
-0.27727864
1.8033735
0.92425337
-2.2768857
0.48734383
0.63472714
2.0296653
0.50325346
0.55485172
0.65294748
0.27760181
-0.58353169
2.2449708
-0.26243182
0.4725554
0.10720761
0.33614491
0.6429696
0.940421
-0.62134649
3.8962188
0.46419918
0.60047266
0.67953208
2.1455852
2.8143704
-0.57378003
0.070619055
-2.4342043
11.321113
0.94251114
0.13976595
0.32047249
4.138351
-0.36510682
4.7677165
-0.77892647
-0.90314996
-0.34144311
0.98816746
0.5802759
-0.46899008
0.94251954
-0.4007923
-0.22952185
0.43241385
2.2303365
0.49230171
1.2473538
0.094469399
-0.73620044
0.32244061
1.0392369
1.9709599
3.0616519
1.5737529
0.47312573
0.12551617
0.78773527
2.0883764
-0.49977139
-0.13179132
1.2125832
-0.028049622
-0.67549352
-0.55566265
-1.5821485
0.33394429
-0.89885867
-1.1306569
-0.82242022
0.87929583
-0.6488198
-0.6341571
-1.0524098
8.4312541
-1.1761714
2.2180505
0.43878717
0.31952936
0.50868676
0.19712729
-0.29535107
-0.11875607
0.65731272
0.38146345
-0.1206182
1.1559301
-0.56975711
0.17598642
-0.99956212
-3.0414363
0.32001863
-1.4021433
-0.58484303
-0.9139361
-3.3194223
-0.99190054
-1.0931638
1.3315796
-1.0206042
-1.1630252
-1.0899311
-0.7289702
-0.29720016
-0.77750295
5.3804556
-0.63777144
-1.0710263
0.65687737
0.088643667
0.40531248
0.65261997
1.1948275
0.2361625
-3.4539628
-0.12915028
-0.93228072
1.6713503
-1.1955881
-0.04341736
-0.11528772
0.0049872374
0.3992329
0.67917025
-0.4935887
0.34627779
0.9852555
1.8876355
3.0007866
1.8698865
-1.1728217
-0.82669388
0.18487316
2.7696781
-0.48027729
5.686379
0.66056541
-0.1514892
1.966598
-0.22301708
0.25606156
0.67356476
-0.26303436
0.70013753
0.22419115
-0.1500399
0.25471696
0.86834179
2.6511727
0.20135135
0.20930696
-3.3194223
1.8649211
1.2745672
1.1223935
0.89499475
0.93022144
-0.45703971
-0.028898162
0.90044572
0.22787728
0.52635786
0.092518128
-0.37955479
1.0195595
0.67815774
0.91991338
-0.71063889
-1.0302682
-0.47528176
1.5702865
0.91913816
-1.5821485
1.384805
-0.37057554
0.89320826
-0.41093981
0.47146913
2.7773271
1.2654348
0.21896175
1.0278362
0.27225825
-0.58235
-0.93984407
-0.81462881
0.96087968
1.2473538
7.5459632
-0.61288751
0.0012546104
-0.081577101
0.16817093
-0.24590046
-1.2118778
0.088391043
-0.17555601
-0.37229376
-0.30433387
7.5459632
0.23663671
0.21639049
1.0001274
0.40407536
0.17830541
-0.97422689
0.56701255
0.33636309
-0.39950838
1.550251
4.3298088
-0.85873865
0.28228965
1.8502014
0.097715544
0.20613325
1.5150886
-0.044441835
1.5298731
-1.8483425
0.68467539
1.2463206
0.086235626
-0.54629446
-0.68703651
0.96164616
2.7255574
0.64658115
-1.0054758
0.23581745
0.96558421
-1.6353085
0.52112483
0.55210719
0.18731466
0.83426123
0.66448862
1.4227175
1.4814759
0.64582816
1.6779197
0.58759649
0.45756111
-0.38745752
-0.44125177
-0.71613003
1.1532183
0.34995157
1.1596154
0.69855652
1.9805228
-0.35782849
0.90157447
0.84077631
0.70553445
0.76502086
0.11245488
0.98391015
-0.16325032
1.2749107
-0.95727078
-0.55376321
0.77036305
2.0984046
1.0333456
0.66199525
-1.1551418
2.4470698
2.059164
-0.19402261
0.22402785
-0.94591337
-1.1961008
0.39614128
0.7403958
1.3499554
0.77519316
0.82060922
1.1205425
0.41776341
-0.65689516
-0.79221932
1.6987163
-1.8414838
0.78624219
0.83448682
-1.0893779
-0.29876068
0.86391682
12.963857
0.80264676
-2.174276
-0.89033056
0.39563355
-0.6939475
-0.86667234
0.78233335
-1.0001
0.17384754
0.30038604
-0.84353602
0.29780695
2.4345438
-1.3303211
0.39700754
1.4869783
-0.034686544
0.52916145
-0.15299944
0.7766466
1.0048573
-0.54629446
0.67286051
3.5180946
1.018731
-0.54405396
-0.49315331
0.18790397
5.3770527
0.44356991
2.0203435
-1.4395473
0.11445375
0.83105082
0.52340224
0.94044116
-1.1156898
12.963857
1.4852989
0.096946965
0.87456009
-0.33901676
-0.17059323
0.24197464
-0.41126271
0.81019289
0.92035546
-0.077227811
0.44080288
-0.25741254
0.0042998888
1.6327012
0.015236945
0.32311343
0.15858586
0.38137499
-1.2183546
2.1685386
1.7732758
-0.84860015
-0.9877007
-0.062124299
-0.32327761
0.020760841
0.60452707
0.74965553
0.82482346
-0.73000428
0.24180276
0.28057863
-0.51875938
0.2832645
-0.2221411
1.8099241
0.59825826
-0.58073774
0.9779484
0.92942858
3.401032
0.16376078
-0.95770006
-0.16466649
0.96584557
-0.5002823
0.30143475
1.3854956
-0.82529244
0.79487812
-3.6856285
0.43250201
0.29836085
-0.06697954
-0.45507449
1.2223649
-0.51191278
4.2172799
0.02359881
1.4444888
0.54810777
0.63778899
-0.57856899
5.8619999
-0.29311094
0.82078885
1.5295882
-0.12782464
1.0441001
2.7773271
0.62779224
-0.41506413
-0.43777876
0.93042173
0.94251114
-0.95770006
0.33296558
0.59190703
1.6667511
1.280697
0.51657946
-0.17191809
-0.68917112
-4.2647415
0.29929222
2.518301
0.60267148
-0.30245372
0.30671344
-0.17536152
0.44867345
-0.31668278
3.8342966
-0.56878018
1.6800115
-1.8876606
1.4289391
1.8149022
-2.1977034
-1.3830835
2.5468407
1.0507839
1.0565368
-0.51790693
7.5459632
0.45759997
6.247594
-0.85745578
-1.6464435
0.47509228
-0.71777841
-0.66662019
4.2374051
1.3581105
-0.63859536
1.31521
-1.3440465
-1.1471293
0.97432737
-0.71827958
-0.53255615
-1.1615744
-0.1452366
0.41480555
0.8575226
0.48050434
0.30980999
1.438898
0.56672002
0.2422328
12.963857
-3.640772
1.1974128
2.1460117
0.45445612
0.42928744
-1.5326224
-0.49505707
-1.0100411
0.27319193
-0.8998026
0.18669878
0.27885652
-0.31206122
-0.42627947
3.8420243
1.1896238
-0.65652292
5.8619999
0.38521034
0.63990437
0.28456743
0.38770633
-0.17967885
0.98558233
1.000589
1.2889661
0.3024056
2.2486483
-3.2421351
0.5584076
-1.4135839
-0.9199809
0.60790306
-0.15671968
0.19773764
0.43148533
0.9097789
1.5686721
-0.86640819
1.6987163
0.2609438
-0.014767961
1.5818357
-0.019208594
1.109853
0.27217476
0.057329804
0.56218197
-0.23683589
1.3231318
0.25003497
-0.61772173
-1.5280254
2.518301
-0.60986528
1.8457999
-0.25579818
-0.02019729
-0.16325032
1.1658476
4.7677165
0.042191439
-0.40514607
1.2187773
0.28297093
0.14536627
2.3503306
0.11534221
0.89847251
1.5839442
1.9619353
-0.72969256
1.2960458
0.6035318
0.57931895
1.5659529
-3.1003989
0.83511271
1.1741954
-0.17741806
-0.58006088
1.8405044
1.0266494
2.5672665
1.4790896
-3.288005
0.24306009
1.2426451
1.2815321
0.90152786
-1.5985402
0.7749148
0.14339119
1.3246116
0.49491095
-0.062124299
2.125819
0.22756323
3.401032
-0.85954256
0.62764007
-0.86778408
-0.67845263
-0.77036023
1.2654348
1.9521369
-1.0876239
1.0036449
0.32082324
0.59001085
1.6763117
1.7653484
-0.045938257
1.9319487
1.1866362
-0.051688336
0.8973019
-0.46748716
0.19635106
0.57133718
-0.82529244
0.51318306
1.8047562
0.53075258
0.11005393
0.3937194
1.0504719
-0.41478079
-0.2914545
0.27475364
-0.78861017
-0.58595302
0.32195429
0.40630197
0.88079288
-0.19350607
-0.90526275
-1.0362819
0.18479922
1.2062594
-0.3803929
-1.2548243
0.92952144
0.75423307
0.030413206
0.88830874
1.0708273
-2.1977034
0.35320448
0.95944591
0.10979529
0.20920465
0.70188494
1.212793
0.30611131
0.61079683
0.66560461
0.11767384
0.19799811
1.2654348
-1.0270309
0.6291275
0.29523008
1.2796189
0.28672516
1.1021541
1.9924787
0.14451874
-0.79192858
0.18390338
-2.1443221
-1.000111
-1.6679689
0.3891518
-0.43514038
-5.9586666
-0.024131833
2.7454679
1.2501166
-0.081632244
0.81030947
-0.30607102
1.7902471
-0.93200996
0.0034529071
0.29990681
0.13644177
1.069019
-1.6582148
2.518301
0.80078577
-0.49837103
1.1368933
-0.16002492
-0.73532606
-0.16815743
2.7523552
-0.12308617
-0.32029524
1.0081485
8.4312541
0.20743325
-0.10261469
-0.22286121
-1.9081628
1.1440274
0.31831462
-0.0077421467
2.2387501
-0.20211801
-0.91793231
-0.14193433
0.74684658
-1.7155096
0.47879417
0.77912124
1.9365822
0.4704573
3.3343627
-0.13202753
6.517332
0.30953495
-0.3451091
-0.72236995
-0.92645209
-2.0251341
0.52009082
0.93920445
0.71609315
2.518301
-0.48786551
0.84672308
-0.073438056
2.518301
-4.5061179
0.98459488
1.240626
-1.9948496
0.066038587
1.7042956
0.51246562
0.75288269
-3.8845335
0.2968604
-0.17412913
0.40974458
2.2417866
0.19280346
0.45929189
1.149364
5.1142792
-0.51971534
0.53316809
1.0226818
-1.147146
-0.47669097
-0.75333714
0.13376549
1.0804147
1.6193982
0.300388
0.60413603
-0.44238073
-0.72524004
5.8619999
0.060221013
0.12420027
0.62933007
1.2952894
0.78414075
1.9871402
2.1753444
0.36802515
0.36916787
-0.73183865
0.79273347
0.18371
-0.16280529
-1.1408247
-0.71267013
-0.93395572
1.5888877
-0.07453855
0.80484829
-0.90821118
-0.53762538
-1.6109741
0.78456282
3.2146529
0.68845926
-0.92664924
1.0071843
0.17714911
-2.3692716
-0.82034668
0.5565225
-2.1318914
0.043671168
0.88822027
0.83580332
-0.15192098
0.53682437
-1.0054006
0.46574054
-0.23834556
-1.3664906
-4.8085005
0.37945875
1.2084516
1.5606035
-1.1217857
-0.46612003
1.9270391
0.38816153
0.1578823
0.47044138
0.48479477
0.028767072
0.52340224
1.5839442
-0.34342693
-4.0647185
1.149364
-1.2938416
-0.44150237
0.43601232
-1.2477593
-1.0769448
-0.017029361
-0.91622913
0.5584076
0.55690405
0.097885365
2.4148764
0.68619687
-0.2297467
-1.0839526
2.06103
1.5567322
-1.1183152
-0.32061227
-0.15540291
-3.279717
0.45488189
0.59916396
0.69156123
1.520561
1.0660745
-0.48388243
-0.72573376
-1.3584459
0.53292927
2.2570961
2.2278871
0.43688264
-1.8694752
3.1675944
0.72858508
0.5115238
1.1021941
4.9614046
0.71612243
1.6531273
0.73819773
2.211214
1.000388
0.71985455
2.0408163
1.9319487
1.1651407
0.23428367
-0.083102378
-0.14344222
0.70157719
0.54524146
-0.34817509
0.9844376
0.30106682
0.21678843
0.20185147
-1.4933702
-0.87447418
-0.46445507
-0.9085904
0.96164616
0.41278431
0.84110252
-0.99918764
0.32915283
0.99097617
0.34166792
2.0350864
0.52147719
0.067686901
1.1562361
-0.13362
-0.60357582
1.1733637
-4.5834813
0.63667662
7.0464174
0.68625121
-0.65664058
0.65165603
2.4453382
-0.11813163
-0.89081812
-3.2421351
0.40450026
0.26647099
-0.98411726
0.054592347
-1.2223573
-0.72174322
0.13074001
1.2964238
0.53510594
1.0494554
0.40778903
0.35366669
0.13905525
-1.2299131
1.2770599
-0.12727692
1.8869768
1.27173
0.88639181
-2.347202
-0.50676908
-1.2827645
0.2375263
0.24470865
-0.53829394
1.7601553
1.7223075
-0.17507067
0.84879445
2.4175098
0.6815779
5.686379
-0.88686833
0.48831339
0.25797006
-1.4416975
1.4225226
-0.74135629
0.058117999
0.50804371
3.0731231
0.19176084
-1.0441153
0.39193178
0.54678362
-0.5759614
-0.33792222
0.70262691
0.2604647
0.32771904
0.03544108
0.76837047
1.2155323
1.0333456
-0.75796786
6.247594
2.8143704
0.55003899
-1
0.57113219
-0.55832007
0.55879648
0.23145757
0.85107419
0.47257941
1.4293658
1.5221866
-0.24511456
1.0270786
-0.98469561
1.8649211
0.47623771
-0.13713103
0.22894487
0.51477765
-1.430857
0.23422535
0.35888378
1.0278285
2.3503306
9.5826597
0.66528849
-0.643354
0.39105292
0.36706615
-0.58693425
-0.79752205
-0.69711847
-0.61100977
0.73267146
0.2460585
1.4437197
0.46578414
1.0003648
0.20595734
0.41782299
-0.11555815
-0.37354457
0.99511595
-1.6602327
0.61943492
0.92750321
-1.0927953
-0.2119096
0.59938205
2.1400947
-0.66794037
-0.10854733
0.81378394
-1.3115345
0.18911265
1.0765748
0.80253695
1.3462213
1.7795041
0.08771276
-0.53728931
0.30698434
-0.77683034
-0.017546725
0.60938071
0.24834374
2.3975622
1.0298154
0.40993076
0.93795606
0.78410294
0.22688027
-0.43578592
1.0492267
0.21524946
3.3072841
-0.25579818
-0.57760395
0.32347702
1.0036449
1.4319065
-1.6327453
1.5351617
-0.30878311
2.4757001
1.138746
0.99950905
1.4408635
-0.28708445
-1.4760107
0.11517787
-0.79659991
-0.53531309
1.6179942
0.65322535
-0.41440143
-0.95600399
-0.11168476
1.4938782
-0.60052157
3.9601169
-0.30150693
-0.62413993
-0.44650016
1.0912308
-0.14380075
-0.28975553
1.2134006
0.18960954
1.5087066
-0.7724365
0.26238918
0.4598316
-2.3692716
1.6381823
-0.55144611
1.1536268
-1.3608495
1.3229379
-0.88143986
-1.0250277
0.63840799
0.93855513
0.54404276
0.97473056
-0.58280697
-0.70948454
0.035205666
0.17587386
-0.39986781
-1.273161
2.5677592
0.96829459
-1.0074737
0.7108931
-2.3417683
-1.3302367
0.12201349
1.2262214
-0.88099802
0.41293152
-0.601021
0.13989166
1.0710086
-0.060776294
1.0891497
1.86844
-0.60944629
-0.36680064
0.79941504
3.2600616
-0.78635632
-1.0665727
0.61887118
-1.5337888
-1
0.83932272
-0.52249412
-0.44601665
0.91212084
-0.025566169
0.13608421
0.055167445
-0.25579818
0.38576904
1.3066778
0.096978478
1.4692604
-1.1492322
0.72665023
2.518301
2.3600161
0.82339915
1.0994211
0.42013808
1.1984147
1.1604044
0.50053854
-1.3132086
0.99994174
0.06370693
-0.69477552
-0.48365001
1.5686721
-0.69400604
0.16907934
0.91186143
-2.7509365
0.8860523
1.2369417
0.96445714
0.0095460189
-0.13292289
0.46822453
2.0241561
0.99361134
-1.2154089
-2.1563122
-1.3440465
-0.97458456
1.1599381
0.19637765
0.16354091
0.49950434
1.8973711
0.72473338
-0.26860951
3.3072841
0.34958013
0.4195873
-0.24086909
0.20059279
1.5087066
-0.38152955
-0.27142105
0.89878306
0.20998751
-0.069087491
0.011471056
0.97259163
0.044988294
0.83824284
1.037207
2.1218819
1.0200286
1.087036
-1.1968418
0.075497943
0.64942766
0.19584066
1.2728207
-0.54518505
0.74999194
2.6041967
1.7944913
0.068431925
0.74643194
1.0071843
0.98953313
-0.31698944
1.0775094
-0.29350297
-0.41455708
-0.80290583
0.54556975
1.0003691
-1.5624419
-0.21226444
0.41907028
0.47502279
1.0005906
1.109853
-0.5739403
0.17830541
1.2998474
-0.1205978
-0.99944141
0.81560791
-1.0613875
0.44024622
0.8633745
0.89492439
-0.2214496
0.2142907
0.15608408
-0.75501078
-0.015049394
-0.92754836
0.49476007
2.4268723
-0.68682989
0.52427813
-0.15904609
2.0431246
-0.25906314
-0.54383141
0.73358215
-2.0881416
0.98816746
0.77168945
-1.3241316
-0.77359623
-1.2003758
0.28481975
-0.25654227
-1.1619365
-0.62953981
-0.17735867
0.18860373
0.23200802
-0.37401028
0.11600501
-0.86376156
-0.76439266
0.96164616
0.45115148
1.1833158
-0.22594927
-0.39557962
0.91913816
3.0089623
0.57615511
-0.032916597
0.52934223
-1.8680581
1.1256111
-0.16008533
0.83571032
-2.5765829
1.0298154
3.401032
1.3408893
-0.22546234
0.96168525
-0.85966556
-2.6331197
-1.2990751
0.72886317
1.38914
1.0127999
-0.39685445
0.2520321
0.34547748
1.1458129
-0.41367561
0.50528199
0.63834868
0.24788719
5.3804556
-0.99758077
-0.13387652
1.4818138
0.91529754
-1.0788705
1.847705
0.65960195
0.999944
2.4433556
0.13376924
-0.32366962
-0.58465085
-0.45733736
0.81938328
0.68460811
-0.49375819
1.3451607
0.35796968
-1.1391671
-1.1268323
-0.95065073
-1.4315936
3.401032
0.93043703
0.67807349
0.40920208
1.0365995
-1.1282775
-1.4391409
1.2891125
0.52176438
1.378281
-0.85964592
-0.82507222
0.39881295
0.43494276
-0.14836304
-0.076197038
1.4102504
4.2946047
0.43004729
5.686379
-0.74387674
0.089208291
0.93736415
0.73438513
0.4942674
0.00075687925
0.10869911
0.6356176
-1.3237342
0.62652195
1.0522453
0.42223699
-1.2872881
1.2237325
-1.2936174
1.0071843
0.66775206
2.0311164
3.5114064
2.8692456
0.46393378
1.520561
1.0713186
-1.4759521
0.32938945
-1.4333068
2.4433556
1.2118657
