21120879 2
21120881 2
21120882 1
21120883 1
21120884 1
21120885 1
21120886 4
21120887 5
21120888 1
21120889 1
21120890 1
21120893 2
21120894 1
21120895 1
21120896 1
21120898 3
21120900 1
21120903 2
21120904 1
21120907 3
21120908 2
21120910 1
21120911 2
21120912 1
21120914 1
21120915 1
21120916 1
21120917 1
21120918 2
21120919 5
21120920 3
21120921 1
21120922 3
21120923 5
21120924 2
21120925 2
21120929 1
21120930 1
21120932 1
21120935 2
21120936 1
21120938 1
21120939 1
21120942 1
21120943 1
21120944 1
21120948 2
21120951 2
21120952 2
21120954 3
21120956 1
21120958 1
21120961 1
21120962 1
21120963 1
21120964 1
21120967 2
21120968 1
21120969 2
21120970 3
21120971 1
21120972 2
21120973 1
21120974 1
21120977 1
21120983 1
21120984 1
21120987 1
21120989 1
21120990 2
21120991 1
21120995 2
21120998 1
21120999 1
21121001 1
21121002 1
21121008 1
21121015 1
21121018 2
21121019 1
21121020 3
21121037 1
21121038 1
21121040 2
21121045 1
21121046 1
21121048 1
21121056 2
21121057 1
21121059 2
21121060 2
21121062 1
21121066 1
21121068 1
21121069 1
21121070 2
21121071 1
21121073 1
21121074 1
21121075 2
21121077 1
21121082 1
21121085 2
21121086 1
21121087 2
21121088 1
21121090 1
21121093 2
21121094 1
21121101 2
21121103 1
21121115 1
21121117 1
21121120 1
21121123 1
21121128 1
21121129 2
21121139 2
21121143 1
21121144 1
21121145 1
21121146 1
21121156 2
21121158 1
21121159 1
21121160 1
21121161 1
21121163 1
21121168 1
21121170 1
21121172 4
21121176 1
21121181 1
21121183 1
21121186 2
21121187 1
21121190 1
21121191 1
21121205 2
21121206 4
21121207 1
21121210 1
21121216 2
21121218 1
21121219 1
21121220 1
21121224 1
21121225 1
21121227 1
21121233 1
21121234 1
21121235 2
21121237 3
21121239 1
21121242 1
21121244 3
21121248 1
21121250 2
21121252 1
21121253 1
21121255 1
21121257 2
21121263 2
21121265 1
21121267 1
21121270 2
21121271 1
21121273 1
21121274 1
21121281 2
21121283 1
21121284 1
21121286 1
21121289 2
21121290 4
21121291 2
21121292 1
21121297 1
21121301 1
21121302 4
21121304 1
21121305 3
21121306 1
21121307 1
21121308 1
21121310 1
21121311 2
21121312 1
21121313 1
21121316 1
21121317 1
21121318 1
21121319 1
21121324 1
21121325 1
21121326 1
21121327 1
21121331 1
21121334 1
21121336 1
21121344 3
21121345 1
21121348 4
21121349 2
21121350 1
21121351 1
21121353 2
21121357 1
21121358 1
21121359 1
21121364 1
21121365 1
21121367 1
21121369 1
21121372 1
21121374 2
21121378 2
21121379 2
21121381 1
21121383 2
21121384 3
21121385 1
21121388 1
21121389 2
21121391 1
21121392 1
21121393 1
21121396 1
21121398 1
21121399 1
21121400 2
21121403 3
21121404 1
21121406 1
21121409 1
21121410 1
21121412 2
21121413 1
21121415 1
21121417 1
21121418 1
21121419 2
21121420 1
21121421 1
21121422 3
21121424 2
21121425 1
21121427 1
21121428 3
21121430 1
21121431 1
21121432 1
21121433 1
21121434 1
21121435 2
21121436 2
21121437 1
21121438 2
21121447 1
21121449 1
21121450 1
21121451 2
21121455 2
21121456 4
21121459 1
21121460 1
21121463 1
21121465 2
21121468 4
21121470 2
21121472 2
21121473 1
21121474 2
21121475 3
21121478 1
21121479 2
21121480 4
21121482 1
21121485 3
21121486 1
21121487 2
21121488 4
21121490 1
21121491 1
21121493 2
21121499 2
21121501 1
21121504 2
21121506 1
21121510 4
21121511 4
21121513 2
21121514 3
21121517 1
21121519 3
21121520 1
21121521 2
21121527 1
21121529 1
21121532 2
21121533 1
21121534 1
21121538 1
21121540 1
21121545 2
21121546 2
21121549 2
21121555 1
21121557 2
21121558 1
21121559 1
21121560 1
21121564 1
21121566 1
21121567 2
21121569 1
21121573 1
21121575 1
21121576 2
21121577 1
21121578 1
21121579 2
21121582 2
21121583 2
21121587 1
21121588 1
21121594 2
21121598 1
21121602 1
21121606 2
21121608 1
21121609 2
21121610 1
21121611 1
21121612 2
21121613 1
21121617 2
21121618 2
21121619 1
21121621 1
21121622 2
21121623 1
21121625 3
21121629 1
21121631 3
21121633 1
21121634 3
21121640 1
21121641 2
21121642 1
21121644 2
21121647 2
21121651 2
21121654 1
21121655 1
21121659 1
21121662 1
21121664 2
21121665 1
21121672 1
21121674 1
21121677 1
21121679 2
21121683 1
21121686 2
21121692 1
21121694 1
21121695 1
21121696 4
21121698 4
21121699 2
21121700 1
21121701 1
21121702 1
21121705 2
21121707 1
21121711 1
21121712 1
21121713 1
21121717 1
21121718 1
21121720 1
21121723 2
21121725 1
21121726 2
21121727 1
21121728 1
21121730 1
21121732 1
21121734 1
21121736 1
21121739 1
21121741 1
21121743 1
21121745 1
21121748 1
21121750 1
21121756 1
21121759 1
21121765 2
21121767 1
21121769 1
21121774 1
21121777 1
21121781 2
21121782 1
21121784 1
21121787 1
21121789 1
21121791 2
21121792 1
21121793 1
21121794 1
21121797 2
21121801 1
21121802 1
21121804 1
21121806 1
21121813 1
21121816 1
21121817 1
21121819 4
21121827 4
21121834 1
21121835 2
21121836 3
21121838 1
21121839 2
21121840 1
21121841 1
21121842 1
21121844 1
21121845 1
21121849 1
21121850 1
21121855 1
21121858 1
21121860 2
21121861 1
21121864 1
21121865 3
21121868 1
21121869 2
21121871 2
21121872 1
21121874 2
21121875 2
21121878 3
21121884 1
21121890 1
21121891 1
21121893 1
21121894 1
21121903 2
21121905 2
21121906 1
21121907 2
21121911 1
21121919 1
21121920 1
21121921 1
21121922 1
21121924 1
21121929 1
21121931 1
21121934 2
21121935 7
21121936 1
21121937 1
21121938 2
21121940 1
21121942 1
21121943 2
21121944 1
21121951 1
21121952 1
21121953 1
21121954 1
21121955 1
21121959 3
21121961 1
21121962 2
21121963 1
21121964 1
21121965 1
21121969 1
21121970 1
21121972 1
21121975 3
21121976 1
21121977 1
21121978 1
21121979 2
21121982 1
21121983 1
21121986 1
21121987 1
21121991 1
21121992 1
21121995 1
21121996 1
21122002 1
21122003 1
21122004 1
21122006 1
21122008 2
21122012 1
21122013 1
21122014 1
21122019 1
21122020 1
21122021 2
21122022 2
21122023 1
21122024 1
21122025 1
21122026 1
21122027 2
21122030 1
21122032 3
21122033 1
21122034 1
21122036 1
21122037 1
21122041 1
21122044 1
21122045 1
21122046 3
21122047 1
21122049 1
21122050 3
21122052 1
21122053 1
21122055 2
21122056 1
21122057 1
21122058 2
21122059 1
21122060 3
21122061 2
21122062 2
21122063 1
21122064 1
21122065 1
21122069 2
21122070 1
21122074 2
21122075 1
21122076 1
21122080 2
21122081 1
21122082 1
21122083 1
21122084 1
21122085 1
21122088 1
21122089 1
21122093 1
21122095 1
21122097 1
21122100 1
21122101 3
21122102 1
21122105 1
21122106 1
21122107 1
21122108 2
21122113 2
21122117 1
21122121 1
21122125 1
21122128 1
21122132 1
21122136 1
21122146 2
21122149 1
21122154 2
21122166 1
21122173 1
21122174 1
21122176 1
21122177 1
21122179 1
21122185 1
21122195 1
21122204 3
21122227 1
21122239 1
21122287 1
21122304 1
21122332 1
21122380 1
21122445 1
21122456 1
21122532 1
21122574 1
21122611 1
21122612 1
21122613 1
21122616 1
21122619 1
21122625 2
21122627 4
21122628 3
21122630 1
21122632 1
21122633 3
21122634 1
21122638 1
21122642 1
21122643 3
21122648 1
21122649 1
21122653 2
21122654 2
21122661 1
21122669 1
21122676 1
21122680 1
21122681 1
21122682 2
21122683 1
21122687 1
21122695 2
21122696 1
21122700 1
21122701 1
21122711 2
21122713 1
21122716 2
21122734 1
21122736 1
21122737 1
21122739 2
21122741 1
21122748 1
21122749 3
21122750 1
21122751 1
21122752 1
21122753 1
21122758 1
21122760 1
21122762 1
21122763 1
21122764 1
21122765 2
21122767 2
21122768 1
21122771 1
21122782 2
21122785 1
21122786 1
21122787 1
21122789 1
21122790 1
21122795 1
21122802 1
21122804 1
21122805 2
21122807 1
21122808 2
21122811 2
21122815 2
21122817 2
21122827 1
21122833 1
21122837 1
21122838 1
21122840 1
21122844 1
21122846 1
21122847 2
21122848 1
21122849 5
21122850 2
21122851 1
21122853 1
21122854 2
21122858 1
21122859 2
21122860 1
21122862 1
21122864 1
21122867 2
21122869 1
21122871 2
21122872 1
21122877 1
21122879 1
21122880 1
21122883 1
21122886 1
21122887 1
21122888 1
21122891 1
21122896 2
21122898 1
21122899 1
21122904 1
21122906 1
21122913 1
21122917 2
21122923 1
21122928 1
21122930 1
21122933 1
21122934 1
21122937 2
21122941 1
21122947 1
21122948 1
21122949 1
21122951 1
21122952 1
21122953 2
21122955 1
21122956 2
21122957 3
21122958 3
21122959 1
21122960 2
21122961 2
21122962 1
21122963 1
21122964 1
21122966 1
21122967 1
21122968 2
21122971 1
21122972 2
21122973 1
21122976 2
21122977 1
21122978 1
21122979 2
21122980 1
21122981 1
21122982 1
21122987 2
21122988 3
21122990 1
21122994 1
21122995 3
21122996 1
21122998 1
21123001 1
21123002 1
21123004 1
21123006 2
21123009 2
21123010 1
21123011 1
21123012 1
21123013 1
21123014 1
21123015 2
21123016 2
21123020 1
21123021 5
21123025 1
21123027 1
21123030 1
21123031 1
21123032 1
21123033 1
21123035 3
21123037 1
21123038 1
21123040 1
21123041 1
21123045 1
21123047 2
21123048 1
21123050 2
21123052 3
21123055 1
21123059 1
21123061 2
21123064 1
21123065 1
21123068 1
21123070 4
21123071 1
21123073 1
21123074 1
21123075 2
21123079 2
21123080 2
21123083 1
21123085 2
21123086 1
21123087 2
21123088 3
21123089 2
21123090 1
21123091 3
21123092 1
21123093 1
21123094 1
21123100 2
21123101 1
21123105 2
21123107 1
21123108 2
21123109 1
21123111 1
21123113 1
21123116 1
21123119 1
21123120 3
21123121 1
21123122 2
21123123 1
21123124 2
21123125 1
21123128 1
21123129 1
21123132 2
21123139 1
21123140 1
21123143 2
21123145 1
21123147 1
21123149 1
21123152 1
21123153 1
21123154 1
21123155 2
21123156 2
21123157 1
21123160 1
21123162 2
21123167 1
21123168 1
21123169 1
21123170 1
21123174 1
21123176 4
21123178 1
21123179 2
21123180 1
21123181 1
21123182 1
21123183 1
21123188 2
21123189 1
21123190 2
21123191 3
21123192 1
21123193 1
21123194 2
21123195 3
21123197 2
21123198 1
21123199 1
21123200 3
21123201 1
21123203 1
21123204 2
21123205 3
21123206 2
21123207 2
21123209 2
21123210 1
21123211 1
21123212 1
21123219 1
21123220 2
21123225 2
21123226 2
21123227 1
21123228 2
21123229 1
21123230 1
21123231 2
21123234 2
21123236 1
21123243 3
21123244 1
21123246 2
21123252 1
21123255 2
21123257 1
21123259 1
21123260 2
21123262 2
21123263 4
21123264 1
21123266 2
21123267 2
21123268 1
21123269 1
21123274 1
21123275 1
21123278 1
21123279 1
21123281 1
21123284 1
21123288 1
21123290 1
21123292 1
21123293 1
21123294 1
21123297 2
21123298 1
21123300 1
21123301 1
21123302 2
21123303 3
21123304 2
21123305 2
21123307 3
21123308 1
21123315 1
21123316 2
21123317 1
21123318 1
21123319 1
21123320 1
21123322 1
21123323 1
21123326 1
21123327 2
21123328 1
21123329 1
21123330 3
21123331 1
21123332 2
21123337 1
21123340 1
21123343 3
21123344 2
21123346 2
21123349 7
21123351 1
21123354 3
21123355 2
21123356 1
21123357 1
21123358 1
21123359 2
21123362 2
21123363 1
21123365 1
21123366 1
21123367 1
21123370 1
21123371 1
21123372 1
21123376 3
21123377 1
21123378 2
21123379 1
21123384 2
21123385 3
21123387 1
21123389 2
21123393 1
21123394 2
21123395 1
21123397 1
21123400 1
21123402 2
21123406 2
21123407 1
21123409 2
21123414 2
21123415 2
21123418 1
21123422 2
21123428 2
21123429 5
21123431 4
21123432 2
21123433 3
21123434 1
21123435 3
21123436 1
21123437 1
21123438 1
21123439 1
21123443 2
21123445 1
21123446 2
21123447 1
21123449 1
21123450 1
21123455 1
21123456 1
21123457 1
21123466 1
21123467 1
21123468 1
21123470 1
21123471 2
21123473 1
21123475 3
21123477 1
21123478 1
21123480 1
21123481 1
21123483 1
21123486 1
21123487 1
21123488 2
21123491 1
21123493 3
21123501 1
21123502 4
21123503 2
21123506 2
21123507 1
21123508 1
21123509 1
21123510 2
21123513 1
21123515 1
21123517 1
21123518 1
21123519 2
21123520 3
21123525 2
21123527 1
21123529 1
21123531 1
21123534 1
21123541 1
21123543 4
21123544 3
21123545 1
21123546 1
21123548 1
21123552 1
21123557 1
21123558 1
21123560 1
21123562 2
21123563 2
21123564 1
21123565 2
21123566 1
21123567 1
21123569 1
21123572 2
21123576 1
21123577 1
21123579 2
21123594 1
21123597 1
21123599 2
21123600 1
21123601 2
21123602 1
21123606 1
21123608 1
21123613 1
21123614 1
21123617 1
21123622 1
21123623 2
21123627 2
21123628 1
21123630 1
21123631 2
21123632 1
21123633 2
21123634 1
21123636 1
21123638 1
21123647 1
21123649 1
21123652 1
21123653 1
21123655 1
21123656 1
21123661 1
21123664 1
21123666 1
21123670 1
21123671 2
21123673 1
21123677 1
21123678 2
21123681 1
21123690 1
21123691 1
21123697 1
21123698 2
21123704 2
21123717 1
21123718 1
21123734 1
21123737 1
21123743 4
21123744 1
21123763 1
21123777 1
21123821 1
21123824 1
21123863 1
21123865 1
21123994 1
21124008 1
21124009 1
21124014 1
21124028 1
21124034 1
21124060 1
21124063 1
21124069 1
21124071 1
21124072 1
21124079 1
21124080 1
21124081 1
21124083 1
21124084 1
21124085 1
21124087 1
21124088 1
21124090 1
21124097 1
21124108 1
21124114 1
21124115 1
21124118 1
21124120 1
21124124 1
21124132 2
21124134 1
21124135 1
21124137 1
21124140 1
21124146 1
21124149 1
21124151 1
21124154 4
21124155 1
21124156 1
21124159 1
21124160 1
21124162 1
21124166 1
21124169 1
21124171 1
21124173 1
21124174 1
21124176 1
21124177 1
21124184 3
21124185 3
21124186 3
21124188 1
21124189 2
21124192 1
21124196 2
21124198 1
21124201 1
21124204 1
21124207 1
21124213 1
21124214 2
21124215 1
21124218 1
21124221 1
21124222 1
21124223 1
21124225 1
21124228 1
21124230 1
21124235 1
21124237 2
21124241 1
21124242 1
21124244 2
21124249 1
21124252 1
21124253 1
21124254 1
21124255 3
21124266 1
21124267 2
21124268 1
21124274 2
21124277 2
21124281 1
21124286 1
21124287 1
21124288 1
21124292 1
21124293 1
21124295 1
21124298 2
21124299 1
21124300 1
21124301 1
21124303 1
21124306 2
21124307 1
21124308 1
21124309 1
21124312 2
21124313 2
21124315 2
21124316 2
21124317 4
21124318 1
21124319 1
21124320 2
21124321 1
21124323 4
21124324 6
21124325 2
21124326 3
21124327 3
21124328 4
21124329 2
21124330 3
21124331 3
21124332 2
21124333 3
21124334 1
21124335 2
21124336 1
21124337 2
21124338 2
21124339 2
21124340 1
21124341 1
21124342 2
21124343 2
21124344 1
21124347 3
21124348 2
21124351 1
21124352 1
21124355 1
21124356 1
21124357 1
21124358 1
21124361 1
21124366 1
21124368 1
21124369 3
21124370 15
21124371 11
21124372 5
21124373 10
21124374 13
21124375 3
21124377 3
21124378 1
21124379 4
21124380 2
21124381 2
21124382 3
21124384 2
21124389 1
21124390 1
21124398 1
21124399 3
21124400 4
21124402 1
21124403 1
21124406 2
21124407 3
21124408 1
21124410 4
21124411 1
21124412 2
21124413 1
21124414 1
21124417 1
21124418 1
21124422 2
21124423 2
21124426 1
21124431 1
21124432 1
21124439 1
21124441 1
21124442 1
21124445 1
21124446 1
21124447 2
21124453 1
21124454 1
21124455 2
21124458 1
21124459 1
21124460 1
21124462 3
21124463 1
21124464 1
21124465 1
21124466 1
21124468 3
21124469 1
21124472 2
21124475 1
21124477 1
21124480 2
21124484 2
21124485 1
21124488 3
21124490 5
21124495 1
21124497 2
21124498 1
21124499 1
21124501 1
21124503 1
21124505 3
21124506 1
21124509 1
21124510 1
21124511 5
21124512 2
21124513 3
21124514 4
21124515 4
21124516 4
21124517 2
21124518 3
21124519 5
21124520 1
21124521 2
21124522 2
21124523 2
21124524 2
21124525 2
21124526 5
21124527 12
21124528 12
21124529 6
21124530 2
21124531 6
21124532 2
21124533 1
21124534 1
21124536 1
21124538 1
21124539 2
21124543 1
21124544 1
21124547 1
21124549 1
21124550 2
21124551 1
21124552 1
21124553 1
21124555 1
21124556 2
21124557 2
21124558 2
21124559 4
21124560 2
21124561 1
21124562 1
21124563 2
21124564 1
21124565 1
21124567 2
21124569 3
21124570 1
21124572 2
21124573 2
21124576 4
21124577 1
21124578 2
21124579 2
21124580 1
21124583 2
21124584 1
21124586 2
21124588 2
21124590 1
21124591 1
21124592 1
21124595 1
21124596 1
21124598 1
21124599 1
21124600 1
21124605 2
21124607 1
21124608 1
21124614 1
21124615 2
21124617 2
21124618 1
21124619 1
21124620 1
21124621 1
21124622 1
21124625 1
21124626 3
21124628 2
21124629 1
21124630 1
21124635 2
21124636 1
21124637 1
21124639 1
21124640 1
21124641 1
21124644 5
21124645 1
21124646 3
21124647 1
21124648 1
21124649 1
21124654 1
21124657 1
21124660 1
21124662 1
21124664 1
21124666 1
21124669 4
21124673 1
21124674 1
21124676 1
21124680 1
21124681 1
21124683 2
21124686 1
21124688 2
21124691 2
21124692 1
21124696 2
21124697 1
21124698 2
21124702 2
21124703 1
21124704 1
21124706 3
21124711 2
21124712 1
21124713 1
21124719 1
21124720 1
21124721 2
21124722 1
21124724 1
21124732 1
21124733 1
21124736 1
21124738 3
21124741 2
21124742 1
21124744 1
21124745 1
21124746 2
21124747 2
21124748 3
21124749 1
21124750 3
21124751 2
21124752 3
21124753 1
21124754 1
21124756 3
21124761 2
21124765 1
21124766 3
21124767 2
21124768 2
21124770 2
21124776 1
21124777 1
21124778 1
21124780 1
21124782 1
21124783 2
21124785 1
21124787 2
21124789 1
21124791 1
21124795 3
21124796 1
21124798 1
21124799 1
21124800 1
21124801 1
21124806 1
21124807 1
21124808 1
21124811 1
21124812 1
21124815 1
21124818 1
21124820 1
21124822 1
21124823 3
21124829 2
21124830 2
21124831 1
21124833 3
21124836 1
21124838 5
21124839 1
21124840 1
21124842 2
21124843 1
21124845 2
21124846 2
21124849 1
21124853 1
21124854 2
21124856 1
21124858 1
21124860 2
21124863 1
21124864 1
21124865 1
21124866 2
21124868 1
21124869 1
21124875 1
21124877 1
21124881 1
21124882 1
21124883 2
21124884 5
21124885 1
21124886 2
21124887 2
21124888 1
21124893 1
21124896 2
21124897 2
21124898 1
21124899 2
21124903 1
21124910 1
21124912 1
21124916 1
21124921 1
21124923 1
21124946 2
21124947 2
21124948 3
21124949 1
21124951 1
21124954 4
21124955 3
21124956 3
21124957 3
21124958 1
21124960 2
21124964 3
21124966 2
21124967 2
21124968 5
21124969 1
21124971 3
21124972 1
21124975 1
21124977 1
21124980 4
21124985 1
21124987 1
21124989 1
21124990 1
21124994 1
21124997 1
21125000 1
21125001 1
21125007 1
21125010 1
21125011 2
21125012 2
21125013 2
21125014 2
21125015 2
21125016 2
21125018 4
21125019 2
21125020 3
21125021 3
21125024 1
21125028 1
21125029 1
21125033 1
21125039 1
21125043 1
21125044 1
21125047 3
21125048 1
21125049 1
21125051 3
21125055 2
21125056 1
21125063 2
21125064 1
21125065 1
21125069 1
21125075 1
21125076 1
21125080 1
21125081 1
21125085 1
21125086 1
21125093 1
21125095 1
21125097 2
21125098 2
21125099 1
21125100 1
21125101 1
21125109 1
21125120 1
21125131 1
21125136 1
21125140 2
21125141 2
21125147 1
21125162 1
21125163 1
21125168 1
21125172 1
21125204 1
21125207 1
21125224 1
21125425 1
21125466 3
21125472 2
21125474 1
21125478 1
21125487 1
21125496 1
21125497 1
21125503 1
21125515 1
21125527 1
21125537 1
21125538 1
21125541 1
21125542 3
21125548 3
21125550 2
21125551 1
21125552 2
21125556 1
21125559 1
21125560 2
21125563 1
21125564 1
21125570 1
21125574 2
21125576 1
21125577 1
21125582 1
21125587 1
21125588 1
21125595 1
21125596 2
21125597 1
21125600 1
21125602 1
21125603 1
21125605 1
21125606 1
21125609 1
21125611 1
21125612 1
21125613 2
21125616 1
21125618 1
21125621 1
21125623 1
21125624 2
21125628 1
21125629 1
21125633 3
21125637 1
21125641 1
21125643 1
21125644 1
21125645 1
21125649 1
21125650 1
21125652 1
21125658 1
21125659 2
21125660 3
21125663 1
21125664 1
21125665 2
21125668 1
21125669 4
21125670 2
21125671 1
21125672 1
21125675 1
21125676 1
21125677 1
21125682 1
21125685 1
21125686 2
21125687 1
21125688 1
21125689 2
21125690 3
21125691 1
21125692 3
21125693 2
21125694 4
21125695 1
21125696 4
21125697 1
21125699 2
21125700 1
21125702 1
21125703 1
21125705 1
21125707 1
21125708 5
21125709 1
21125712 3
21125716 2
21125717 2
21125718 2
21125719 3
21125720 7
21125721 2
21125722 2
21125723 1
21125724 1
21125728 1
21125732 1
21125735 1
21125737 2
21125742 1
21125743 1
21125747 1
21125749 1
21125752 1
21125753 7
21125754 2
21125755 2
21125756 3
21125762 1
21125764 1
21125765 1
21125767 1
21125768 1
21125774 2
21125777 1
21125779 1
21125781 1
21125786 1
21125790 2
21125791 1
21125793 1
21125795 1
21125796 1
21125797 1
21125799 1
21125800 1
21125801 1
21125804 1
21125805 2
21125809 1
21125810 2
21125812 3
21125814 2
21125815 2
21125816 1
21125818 1
21125823 1
21125824 1
21125825 1
21125826 1
21125827 1
21125832 1
21125833 1
21125838 1
21125842 1
21125843 1
21125844 4
21125846 4
21125848 2
21125850 1
21125851 1
21125852 1
21125855 1
21125860 1
21125861 1
21125862 1
21125863 1
21125864 1
21125870 2
21125871 1
21125872 3
21125873 2
21125874 1
21125875 1
21125877 2
21125879 1
21125880 1
21125881 1
21125883 3
21125884 2
21125885 2
21125886 2
21125887 2
21125888 1
21125889 3
21125890 1
21125894 1
21125896 1
21125897 1
21125898 2
21125900 3
21125901 3
21125907 1
21125908 1
21125913 1
21125914 1
21125916 1
21125918 2
21125919 3
21125920 1
21125921 1
21125925 1
21125927 1
21125935 1
21125936 2
21125938 1
21125940 2
21125943 1
21125946 1
21125947 2
21125954 1
21125955 2
21125956 1
21125957 1
21125958 2
21125959 1
21125960 2
21125961 1
21125966 1
21125968 1
21125971 1
21125973 1
21125975 2
21125978 2
21125980 2
21125981 2
21125982 1
21125983 1
21125984 2
21125985 1
21125989 1
21125993 1
21125996 1
21125997 2
21125998 1
21125999 1
21126000 1
21126001 1
21126002 1
21126004 1
21126005 3
21126007 1
21126008 1
21126013 2
21126015 1
21126018 2
21126020 2
21126022 3
21126025 1
21126027 1
21126029 2
21126030 2
21126031 2
21126032 2
21126035 7
21126038 1
21126039 2
21126040 1
21126042 1
21126043 1
21126044 3
21126045 1
21126046 2
21126047 1
21126049 1
21126053 1
21126060 2
21126061 2
21126065 2
21126066 1
21126067 1
21126068 3
21126071 1
21126074 1
21126080 1
21126082 2
21126092 1
21126093 1
21126094 2
21126096 2
21126097 1
21126104 1
21126105 1
21126106 3
21126107 1
21126110 1
21126111 1
21126114 3
21126118 1
21126119 2
21126121 1
21126122 1
21126127 1
21126131 1
21126139 1
21126140 1
21126144 1
21126145 2
21126147 1
21126149 1
21126150 2
21126151 1
21126152 1
21126158 3
21126160 1
21126162 1
21126164 1
21126167 1
21126169 1
21126170 1
21126173 1
21126176 1
21126178 1
21126182 2
21126183 2
21126184 2
21126186 2
21126190 2
21126194 2
21126195 1
21126208 1
21126211 1
21126212 1
21126213 1
21126217 1
21126219 1
21126220 1
21126223 1
21126224 1
21126227 2
21126229 1
21126231 1
21126233 2
21126235 1
21126239 1
21126240 1
21126242 1
21126245 1
21126246 1
21126249 1
21126252 1
21126259 1
21126266 1
21126273 1
21126275 1
21126276 1
21126278 1
21126279 1
21126281 1
21126282 1
21126286 1
21126290 1
21126292 1
21126298 1
21126299 1
21126301 1
21126306 1
21126310 1
21126312 1
21126315 1
21126317 1
21126319 1
21126322 2
21126323 2
21126327 2
21126328 1
21126329 2
21126330 2
21126331 1
21126334 1
21126335 2
21126336 3
21126337 3
21126338 1
21126339 2
21126345 1
21126348 1
21126349 1
21126350 1
21126351 2
21126353 1
21126354 1
21126355 2
21126357 1
21126358 1
21126360 1
21126361 4
21126362 1
21126363 1
21126366 1
21126369 1
21126370 1
21126371 1
21126372 1
21126374 1
21126376 1
21126378 1
21126379 1
21126384 1
21126389 1
21126391 1
21126392 1
21126393 1
21126395 1
21126398 1
21126399 1
21126401 1
21126402 1
21126403 2
21126405 1
21126406 1
21126411 1
21126412 1
21126413 2
21126419 1
21126422 1
21126424 1
21126425 2
21126426 1
21126430 1
21126432 1
21126434 1
21126436 1
21126437 2
21126439 1
21126440 1
21126441 1
21126448 2
21126452 1
21126455 1
21126458 2
21126459 2
21126460 1
21126461 1
21126462 1
21126463 1
21126467 1
21126471 1
21126478 1
21126484 1
21126493 1
21126495 1
21126498 1
21126500 2
21126501 1
21126502 2
21126503 1
21126504 1
21126505 2
21126506 2
21126508 1
21126518 1
21126519 1
21126522 1
21126526 1
21126527 1
21126529 1
21126539 1
21126540 1
21126559 2
21126577 1
21126578 2
21126592 1
21126602 1
21126604 1
21126606 2
21126607 1
21126612 2
21126617 1
21126628 1
21126636 1
21126645 1
21126655 1
21126657 1
21126660 2
21126688 1
21126716 1
21126776 1
21126778 1
21126897 1
21126910 1
21126913 1
21126916 1
21126926 1
21126939 1
21126942 1
21126952 1
21126962 1
21126965 1
21126977 1
21126981 1
21126982 1
21126986 1
21126988 1
21126992 1
21126996 2
21126997 1
21127019 1
21127020 1
21127024 1
21127029 2
21127030 1
21127034 1
21127035 1
21127036 1
21127039 1
21127045 1
21127046 1
21127048 1
21127049 1
21127050 3
21127056 1
21127058 1
21127064 1
21127068 1
21127084 1
21127091 1
21127099 1
21127105 2
21127106 1
21127107 1
21127110 1
21127112 1
21127116 2
21127120 2
21127128 1
21127131 1
21127135 1
21127152 1
21127155 1
21127156 1
21127158 1
21127162 2
21127163 1
21127164 1
21127165 1
21127166 4
21127167 1
21127168 3
21127169 3
21127170 1
21127171 3
21127177 2
21127179 1
21127187 1
21127188 1
21127196 1
21127198 1
21127206 2
21127207 2
21127209 1
21127211 1
21127212 1
21127214 1
21127215 1
21127216 3
21127225 4
21127226 1
21127227 1
21127228 1
21127229 2
21127230 1
21127231 1
21127239 1
21127240 1
21127241 1
21127243 3
21127244 1
21127245 1
21127251 1
21127254 1
21127256 1
21127257 1
21127261 1
21127265 1
21127268 1
21127271 2
21127278 1
21127294 3
21127296 1
21127297 1
21127300 1
21127301 1
21127302 1
21127303 1
21127304 1
21127312 1
21127320 1
21127333 1
21127334 1
21127338 1
21127339 1
21127342 2
21127344 1
21127345 1
21127352 1
21127367 1
21127368 1
21127373 1
21127375 1
21127376 1
21127378 1
21127380 1
21127381 1
21127387 1
21127388 1
21127389 3
21127392 1
21127393 1
21127394 2
21127395 1
21127397 3
21127398 1
21127400 1
21127402 2
21127406 1
21127409 1
21127412 1
21127413 1
21127417 3
21127419 1
21127421 1
21127422 1
21127424 1
21127425 4
21127427 1
21127428 1
21127429 1
21127430 1
21127431 1
21127432 1
21127433 2
21127434 1
21127435 1
21127437 2
21127439 1
21127441 1
21127443 1
21127445 1
21127447 1
21127449 2
21127450 4
21127451 4
21127452 1
21127454 2
21127455 1
21127461 1
21127463 1
21127465 2
21127473 1
21127476 1
21127478 1
21127488 2
21127489 1
21127492 1
21127497 3
21127498 1
21127502 1
21127503 1
21127507 2
21127514 2
21127516 1
21127530 1
21127537 1
21127538 1
21127543 1
21127544 1
21127547 2
21127550 2
21127559 1
21127563 1
21127564 1
21127566 1
21127582 2
21127584 1
21127585 2
21127586 1
21127588 1
21127589 1
21127591 1
21127592 1
21127595 2
21127596 1
21127602 1
21127603 1
21127604 2
21127607 1
21127609 1
21127610 1
21127611 7
21127612 2
21127616 4
21127620 1
21127621 1
21127624 2
21127625 1
21127629 1
21127634 1
21127641 1
21127644 1
21127646 1
21127656 1
21127658 1
21127659 4
21127660 1
21127661 1
21127662 1
21127664 2
21127674 1
21127675 1
21127677 1
21127678 1
21127684 1
21127686 1
21127687 1
21127692 1
21127694 1
21127696 1
21127697 1
21127700 2
21127702 1
21127703 2
21127704 2
21127706 1
21127707 1
21127708 1
21127711 1
21127712 1
21127713 1
21127714 1
21127716 1
21127717 2
21127723 2
21127724 1
21127733 2
21127739 1
21127746 1
21127747 1
21127750 1
21127765 1
21127767 1
21127768 1
21127771 1
21127777 1
21127780 2
21127781 1
21127782 1
21127791 1
21127792 2
21127794 1
21127800 1
21127801 1
21127802 1
21127803 1
21127806 1
21127808 3
21127811 1
21127814 2
21127815 1
21127817 2
21127818 1
21127819 2
21127820 3
21127823 1
21127824 2
21127825 1
21127828 1
21127829 2
21127831 5
21127832 1
21127833 1
21127835 3
21127836 1
21127837 1
21127838 3
21127839 2
21127841 1
21127845 1
21127848 2
21127849 1
21127851 1
21127852 1
21127855 1
21127857 1
21127859 3
21127860 1
21127862 2
21127868 2
21127869 1
21127870 1
21127871 1
21127874 1
21127877 3
21127878 1
21127879 2
21127880 1
21127883 1
21127884 1
21127893 1
21127895 1
21127896 1
21127903 1
21127910 1
21127916 1
21127922 1
21127933 1
21127937 1
21127968 1
21127996 1
21128006 1
21128032 1
21128172 1
21128185 1
21128238 1
21128292 1
21128309 1
21128346 1
21128355 1
21128366 1
21128379 1
21128416 1
21128428 1
21128438 1
21128441 2
21128442 1
21128444 1
21128453 1
21128468 1
21128473 1
21128494 1
21128496 1
21128499 1
21128516 1
21128517 1
21128519 1
21128521 1
21128526 1
21128527 2
21128530 1
21128532 1
21128537 1
21128538 1
21128541 1
21128543 1
21128545 1
21128547 1
21128548 3
21128553 1
21128558 1
21128559 1
21128560 1
21128561 1
21128564 1
21128566 1
21128569 1
21128575 1
21128576 1
21128577 1
21128578 1
21128579 1
21128580 1
21128589 2
21128590 1
21128591 1
21128593 1
21128595 2
21128599 1
21128604 1
21128618 1
21128619 1
21128623 1
21128631 1
21128633 1
21128642 1
21128643 4
21128644 1
21128647 1
21128651 1
21128653 1
21128663 1
21128664 2
21128667 1
21128668 1
21128672 1
21128675 1
21128700 1
21128706 1
21128710 1
21128711 2
21128712 4
21128713 2
21128714 1
21128715 2
21128717 2
21128720 1
21128728 1
21128729 1
21128730 1
21128731 1
21128732 1
21128740 1
21128745 1
21128747 1
21128748 1
21128753 1
21128754 1
21128767 1
21128772 1
21128790 1
21128793 1
21128801 1
21128808 1
21128809 1
21128816 1
21128820 1
21128833 1
21128834 1
21128842 1
21128843 1
21128849 1
21128850 1
21128851 1
21128852 1
21128861 1
21128862 1
21128868 1
21128874 1
21128881 1
21128889 1
21128891 1
21128901 1
21128903 1
21128908 1
21128924 2
21128932 1
21128937 1
21128940 1
21128944 1
21128953 1
21128964 1
21128977 1
21128979 1
21128986 1
21128987 1
21128988 3
21128993 1
21128994 1
21128995 1
21129010 1
21129012 1
21129013 1
21129014 1
21129019 1
21129021 2
21129022 1
21129023 3
21129024 2
21129025 1
21129026 2
21129029 1
21129031 1
21129036 3
21129038 1
21129040 1
21129043 1
21129044 2
21129045 2
21129046 2
21129053 1
21129055 1
21129057 1
21129065 1
21129066 1
21129067 1
21129070 1
21129072 1
21129086 2
21129096 1
21129111 1
21129114 1
21129127 1
21129129 3
21129130 3
21129131 1
21129133 1
21129135 1
21129136 1
21129137 1
21129141 2
21129142 1
21129145 1
21129146 1
21129147 2
21129149 3
21129150 2
21129151 2
21129152 1
21129153 3
21129155 1
21129156 1
21129161 1
21129162 1
21129165 2
21129177 1
21129184 1
21129185 1
21129186 1
21129187 1
21129194 1
21129198 1
21129206 1
21129208 1
21129215 2
21129224 1
21129225 1
21129227 2
21129245 1
21129246 1
21129259 1
21129265 1
21129268 1
21129271 1
21129276 1
21129277 1
21129280 1
21129283 1
21129287 1
21129288 1
21129295 1
21129296 2
21129297 2
21129298 3
21129299 1
21129300 1
21129303 2
21129306 1
21129310 1
21129314 2
21129315 2
21129329 2
21129334 1
21129336 1
21129337 1
21129340 1
21129342 2
21129344 1
21129360 1
21129367 1
21129369 1
21129372 1
21129377 2
21129379 2
21129380 8
21129382 2
21129383 1
21129384 2
21129385 1
21129388 1
21129392 2
21129397 1
21129405 1
21129407 1
21129412 1
21129438 1
21129439 2
21129444 2
21129533 1
21129576 1
21129581 1
21129584 1
21129617 1
21129640 1
21129642 1
21129718 1
21129734 1
21129745 1
21129779 1
21129785 1
21129787 1
21129792 1
21129795 1
21129796 1
21129797 1
21129800 1
21129802 1
21129814 2
21129827 1
21129850 1
21129852 1
21129859 1
21129874 1
21129878 1
21129894 1
21129907 1
21129912 2
21129913 1
21129915 1
21129917 2
21129924 1
21129929 1
21129947 1
21129953 1
21129954 1
21129955 3
21129956 1
21129957 1
21129966 1
21129983 1
21129986 2
21129987 3
21129990 1
21129991 1
21129993 1
21130011 1
21130013 1
21130017 1
21130019 1
21130026 1
21130041 1
21130042 1
21130048 2
21130054 1
21130056 1
21130069 1
21130086 2
21130094 1
21130101 1
21130104 1
21130113 1
21130120 1
21130121 3
21130123 2
21130124 2
21130125 1
21130126 2
21130129 1
21130135 1
21130136 1
21130144 1
21130160 1
21130170 1
21130175 1
21130176 2
21130182 1
21130184 1
21130186 2
21130188 1
21130192 1
21130194 1
21130196 1
21130202 1
21130203 1
21130204 1
21130210 5
21130213 3
21130214 1
21130216 1
21130217 2
21130218 1
21130219 2
21130220 2
21130221 1
21130226 1
21130227 1
21130228 1
21130239 3
21130243 1
21130246 1
21130250 2
21130251 2
21130253 1
21130254 1
21130257 1
21130261 1
21130262 1
21130264 1
21130265 3
21130267 1
21130274 1
21130277 1
21130283 1
21130286 2
21130292 1
21130296 1
21130299 2
21130300 2
21130301 2
21130302 1
21130304 1
21130307 1
21130308 1
21130309 2
21130310 1
21130311 1
21130312 1
21130317 1
21130318 1
21130320 1
21130322 1
21130323 1
21130327 1
21130328 1
21130330 1
21130334 1
21130335 2
21130337 2
21130339 1
21130340 1
21130341 1
21130342 2
21130343 1
21130351 1
21130360 2
21130371 1
21130379 1
21130388 1
21130416 1
21130423 1
21130425 1
21130430 1
21130440 2
21130445 1
21130460 1
21130461 1
21130464 1
21130466 1
21130468 1
21130484 1
21130492 1
21130497 1
21130501 1
21130505 1
21130510 2
21130515 1
21130519 1
21130520 2
21130521 2
21130522 2
21130530 1
21130532 1
21130534 1
21130535 1
21130542 1
21130543 2
21130559 1
21130560 1
21130571 2
21130572 3
21130578 1
21130580 2
21130581 1
21130584 1
21130591 1
21130593 1
21130601 1
21130602 3
21130605 2
21130606 4
21130609 1
21130637 1
21130642 1
21130654 1
21130661 1
21130670 1
21130672 2
21130673 1
21130675 2
21130680 1
21130685 1
21130698 1
21130700 1
21130706 1
21130713 1
21130732 1
21130736 1
21130737 1
21130748 1
21130749 1
21130751 1
21130757 1
21130759 1
21130770 1
21130774 1
21130791 1
21130792 1
21130802 1
21130822 1
21130827 1
21130852 1
21130855 1
21130858 1
21130859 2
21130861 1
21130863 1
21130864 1
21130867 1
21130869 1
21130876 1
21130878 1
21130909 1
21130932 1
21130941 2
21130956 1
21130961 2
21130963 1
21130972 1
21130976 1
21130981 1
21130985 1
21130987 1
21130988 1
21130989 1
21130990 1
21130992 1
21130994 1
21131001 1
21131008 1
21131098 2
21131127 1
21131142 1
21131312 1
21131320 1
21131323 1
21131407 1
21131409 1
21131411 1
21131414 1
21131421 1
21131432 1
21131433 1
21131434 4
21131435 1
21131437 1
21131445 1
21131450 1
21131453 1
21131456 1
21131457 1
21131463 1
21131469 1
21131477 1
21131478 1
21131487 1
21131488 1
21131515 1
21131524 1
21131526 3
21131535 1
21131541 1
21131557 1
21131561 1
21131565 1
21131574 2
21131575 2
21131576 1
21131577 1
21131578 1
21131580 1
21131586 1
21131588 1
21131595 1
21131622 1
21131624 5
21131625 6
21131626 4
21131629 2
21131634 1
21131640 2
21131659 1
21131669 1
21131688 1
21131689 1
21131690 1
21131705 1
21131712 1
21131720 1
21131762 1
21131763 1
21131770 1
21131798 1
21131813 1
21131824 1
21131826 1
21131830 1
21131832 1
21131833 3
21131835 1
21131836 1
21131840 1
21131848 1
21131881 2
21131883 1
21131886 1
21131889 1
21131895 1
21131901 1
21131905 1
21131914 1
21131916 2
21131924 1
21131970 1
21131975 1
21131978 1
21131980 1
21131988 1
21131999 1
21132029 1
21132036 1
21132037 1
21132072 2
21132084 1
21132086 1
21132087 1
21132088 1
21132090 2
21132091 1
21132092 2
21132093 1
21132095 1
21132098 1
21132102 1
21132111 2
21132113 1
21132121 1
21132130 1
21132132 1
21132141 2
21132156 1
21132165 1
21132167 1
21132182 1
21132187 1
21132204 1
21132222 1
21132237 1
21132239 1
21132245 2
21132259 1
21132260 1
21132388 1
21132404 1
21132408 1
21132722 1
21132736 1
21132745 1
21132853 1
21132867 1
21132870 1
21132875 1
21132892 1
21132898 1
21132903 2
21132924 1
21132926 1
21132928 2
21132936 1
21132940 1
21132945 1
21132955 1
21132956 1
21132969 1
21132972 1
21132973 1
21132974 1
21132977 2
21132985 1
21132988 1
21132997 1
21133001 1
21133004 1
21133008 1
21133022 1
21133036 1
21133044 1
21133058 1
21133123 2
21133133 1
21133138 1
21133151 1
21133152 1
21133186 1
21133197 2
21133200 1
21133201 1
21133203 1
21133204 1
21133240 1
21133266 1
21133267 1
21133272 3
21133278 2
21133279 1
21133299 1
21133303 1
21133318 1
21133320 1
21133330 1
21133362 2
21133368 1
21133372 1
21133378 1
21133380 2
21133386 1
21133394 1
21133395 1
21133397 2
21133399 1
21133400 1
21133402 1
21133403 1
21133406 1
21133413 1
21133426 2
21133432 1
21133438 1
21133441 1
21133446 1
21133447 1
21133455 1
21133459 2
21133463 1
21133464 1
21133477 1
21133486 2
21133496 1
21133498 1
21133503 1
21133526 1
21133527 1
21133533 1
21133538 1
21133562 1
21133569 2
21133572 1
21133588 1
21133594 1
21133599 1
21133608 1
21133633 1
21133717 1
21133725 1
21134112 1
21134218 1
21134220 1
21134233 1
21134237 1
21134243 1
21134263 1
21134308 1
21134309 1
21134313 1
21134316 1
21134352 1
21134364 1
21134419 1
21134420 1
21134428 1
21134430 2
21134442 1
21134443 1
21134464 1
21134473 1
21134477 1
21134479 1
21134480 1
21134493 1
21134494 1
21134518 2
21134524 1
21134534 1
21134535 1
21134537 1
21134554 1
21134558 1
21134566 1
21134586 1
21134605 1
21134606 1
21134634 1
21134639 1
21134650 1
21134678 1
21134683 1
21134685 1
21134690 1
21134700 2
21134713 1
21134729 1
21134736 1
21134737 1
21134741 2
21134744 1
21134745 1
21134746 2
21134747 1
21134748 1
21134749 1
21134751 1
21134757 1
21134761 2
21134762 1
21134764 1
21134765 1
21134770 1
21134771 4
21134772 2
21134775 1
21134776 2
21134779 1
21134781 1
21134782 1
21134784 1
21134786 2
21134787 3
21134789 2
21134790 1
21134791 1
21134792 2
21134796 1
21134797 2
21134798 1
21134799 1
21134801 2
21134803 1
21134806 1
21134808 1
21134811 1
21134818 1
21134819 2
21134821 1
21134824 1
21134831 1
21134834 1
21134836 1
21134839 1
21134843 1
21134846 1
21134847 2
21134865 1
21134867 1
21134870 1
21134873 1
21134879 1
21134889 1
21134891 1
21134893 1
21134896 1
21134904 1
21134910 1
21134915 1
21134920 1
21134922 1
21134923 1
21134927 1
21134935 1
21134940 1
21134942 2
21134945 1
21134948 1
21134964 2
21134968 1
21134970 1
21134975 1
21134983 1
21134987 1
21134988 1
21135006 3
21135007 2
21135008 1
21135010 1
21135013 1
21135018 2
21135019 1
21135026 2
21135036 1
21135039 2
21135044 1
21135053 1
21135057 2
21135058 1
21135059 1
21135064 1
21135067 2
21135068 1
21135070 1
21135071 1
21135072 1
21135074 1
21135077 1
21135079 1
21135081 1
21135082 1
21135084 1
21135086 1
21135089 2
21135090 1
21135091 4
21135093 2
21135099 1
21135107 1
21135120 1
21135124 1
21135131 2
21135134 1
21135158 1
21135159 1
21135177 1
21135351 1
21135454 1
21135520 1
21135544 1
21135564 1
21135565 1
21135596 1
21135598 1
21135601 2
21135603 1
21135609 1
21135612 1
21135616 1
21135624 1
21135633 3
21135637 1
21135639 1
21135646 1
21135652 1
21135654 1
21135673 1
21135688 2
21135690 1
21135703 1
21135706 1
21135715 1
21135719 1
21135733 1
21135737 2
21135738 1
21135744 1
21135745 1
21135747 1
21135750 1
21135751 1
21135752 5
21135753 12
21135754 7
21135755 2
21135756 4
21135757 2
21135759 4
21135760 1
21135761 1
21135763 1
21135765 1
21135771 3
21135774 1
21135775 2
21135776 2
21135780 1
21135782 1
21135784 4
21135786 2
21135790 1
21135795 1
21135803 1
21135809 1
21135821 1
21135822 1
21135850 1
21135853 1
21135870 1
21135874 1
21135883 1
21135925 1
21135927 2
21135931 1
21135937 1
21135954 1
21135955 1
21135956 1
21135985 2
21135986 2
21135987 1
21135990 3
21135991 1
21135993 1
21135998 1
21136007 1
21136010 1
21136014 1
21136018 1
21136023 1
21136035 1
21136063 1
21136074 2
21136075 1
21136076 1
21136077 1
21136086 1
21136087 1
21136094 1
21136097 1
21136098 1
21136106 1
21136107 1
21136109 3
21136116 1
21136128 1
21136140 1
21136145 1
21136151 1
21136170 1
21136171 1
21136173 1
21136174 1
21136175 1
21136181 1
21136186 2
21136189 1
21136190 1
21136194 1
21136197 2
21136208 1
21136211 1
21136213 1
21136220 1
21136259 1
21136264 1
21136268 1
21136273 1
21136278 1
21136283 2
21136285 1
21136288 1
21136289 1
21136294 1
21136299 1
21136323 1
21136324 2
21136325 1
21136326 1
21136333 1
21136336 1
21136338 1
21136345 1
21136363 1
21136373 1
21136376 1
21136403 1
21136404 1
21136414 2
21136429 1
21136433 1
21136434 1
21136435 1
21136439 1
21136445 2
21136461 1
21136493 2
21136494 2
21136509 1
21136511 1
21136522 1
21136523 1
21136530 1
21136564 1
21136572 1
21136612 2
21136615 1
21136641 1
21136672 1
21136894 2
21136911 1
21136989 1
21136994 1
21137042 1
21137044 1
21137060 1
21137061 1
21137078 1
21137091 1
21137093 1
21137104 1
21137112 1
21137133 1
21137137 1
21137146 1
21137161 1
21137162 1
21137167 1
21137168 1
21137173 1
21137174 1
21137194 1
21137207 1
21137212 1
21137217 1
21137244 1
21137254 1
21137264 1
21137267 1
21137285 1
21137290 1
21137294 1
21137296 1
21137299 1
21137308 1
21137316 1
21137317 1
21137319 1
21137322 1
21137329 1
21137330 1
21137332 2
21137352 1
21137364 1
21137390 1
21137394 1
21137395 2
21137413 1
21137414 1
21137416 3
21137426 1
21137439 2
21137444 2
21137449 1
21137459 1
21137460 1
21137462 2
21137464 1
21137476 1
21137497 1
21137501 1
21137502 1
21137513 1
21137515 1
21137526 1
21137535 1
21137566 1
21137568 1
21137571 1
21137577 1
21137582 1
21137617 1
21137618 1
21137619 1
21137627 1
21137632 1
21137657 1
21137711 2
21137740 1
21137744 1
21137778 1
21137780 1
21137809 1
21137816 1
21137819 2
21137823 1
21137826 1
21137827 1
21137828 1
21137829 1
21137832 1
21137834 3
21137838 1
21137839 1
21137843 1
21137848 1
21137850 1
21137851 1
21137852 1
21137866 1
21137869 1
21137872 2
21137883 1
21137886 1
21137891 1
21137904 1
21137906 1
21137920 1
21137926 1
21137930 1
21137933 1
21137945 1
21137966 1
21137977 1
21137979 1
21137986 1
21137987 1
21137989 1
21137990 1
21137991 1
21137995 2
21137998 1
21137999 2
21138000 2
21138030 1
21138031 1
21138035 1
21138041 1
21138042 1
21138045 1
21138049 1
21138069 1
21138070 2
21138076 1
21138082 1
21138087 1
21138088 1
21138094 1
21138110 1
21138142 1
21138176 1
21138454 1
21138517 1
21138566 1
21138576 1
21138592 2
21138611 1
21138627 1
21138641 1
21138642 1
21138643 1
21138644 2
21138645 1
21138646 3
21138647 1
21138648 3
21138649 2
21138650 1
21138653 1
21138654 1
21138657 1
21138658 1
21138660 3
21138664 1
21138668 1
21138673 1
21138677 1
21138683 1
21138691 1
21138712 1
21138713 2
21138714 1
21138719 1
21138722 1
21138728 1
21138734 1
21138739 3
21138743 1
21138745 1
21138752 1
21138753 1
21138755 1
21138756 1
21138758 2
21138763 1
21138764 1
21138769 1
21138772 1
21138787 1
21138802 1
21138810 1
21138811 1
21138819 1
21138826 1
21138842 1
21138846 1
21138857 2
21138861 1
21138877 1
21138883 1
21138909 1
21138911 1
21138913 1
21138916 1
21138932 1
21138933 3
21138934 4
21138935 2
21138937 1
21138940 1
21138941 1
21138946 1
21138949 1
21138955 1
21138956 1
21138958 1
21138971 1
21138976 1
21138977 1
21138982 1
21138985 1
21138987 1
21138990 1
21139015 1
21139019 1
21139028 1
21139034 1
21139035 1
21139040 1
21139042 1
21139047 2
21139055 1
21139058 1
21139093 1
21139112 1
21139114 1
21139137 1
21139144 1
21139158 1
21139196 1
21139204 1
21139213 1
21139219 1
21139239 1
21139254 1
21139256 3
21139257 5
21139258 13
21139259 7
21139260 6
21139261 1
21139262 7
21139263 4
21139264 2
21139265 2
21139266 3
21139267 5
21139268 1
21139269 2
21139271 1
21139273 2
21139277 1
21139278 1
21139280 1
21139281 1
21139282 1
21139285 1
21139287 1
21139290 1
21139293 1
21139295 1
21139296 3
21139299 1
21139300 1
21139301 1
21139304 2
21139305 2
21139311 2
21139312 1
21139316 1
21139326 1
21139331 1
21139333 1
21139345 1
21139359 1
21139361 3
21139374 1
21139375 1
21139396 1
21139400 1
21139422 1
21139424 1
21139425 1
21139436 1
21139440 1
21139441 1
21139442 1
21139496 1
21139524 1
21139567 1
21139606 1
21139607 1
21139811 1
21139888 1
21139900 1
21139953 1
21140064 1
21140080 1
21140128 1
21140137 1
21140144 1
21140157 1
21140158 1
21140171 1
21140172 1
21140194 1
21140204 1
21140208 1
21140226 1
21140236 1
21140253 1
21140257 1
21140258 3
21140259 2
21140268 1
21140269 5
21140270 4
21140271 3
21140273 1
21140274 1
21140275 1
21140276 1
21140282 1
21140283 1
21140284 1
21140286 1
21140288 1
21140299 2
21140305 1
21140307 2
21140309 1
21140312 1
21140314 1
21140315 1
21140333 1
21140335 1
21140343 1
21140345 1
21140348 1
21140349 1
21140352 1
21140360 1
21140363 1
21140367 1
21140410 1
21140416 1
21140484 1
21140485 1
21140502 1
21140546 1
21140556 1
21140557 1
21140561 1
21140587 1
21140613 1
21140615 1
21140630 1
21140631 2
21140635 1
21140665 1
21140691 1
21140705 1
21140709 1
21140710 2
21140711 2
21140724 1
21140756 1
21140774 1
21140781 1
21140782 1
21140791 1
21140793 1
21140804 1
21140817 1
21140820 1
21140822 1
21140832 1
21140845 2
21140847 3
21140848 1
21140850 2
21140851 3
21140856 1
21140871 1
21140881 1
21140894 1
21140895 2
21140906 1
21140914 1
21141379 1
21141391 1
21141392 2
21141414 1
21141463 1
21141465 1
21141466 1
21141467 1
21141470 1
21141472 1
21141480 1
21141482 2
21141487 1
21141501 1
21141523 1
21141536 1
21141557 1
21141583 1
21141614 1
21141618 1
21141659 1
21141668 1
21141689 1
21141691 1
21141715 1
21141721 1
21141724 1
21141734 1
21141735 1
21141771 1
21141788 1
21141790 1
21141802 1
21141807 1
21141808 1
21141816 1
21141819 1
21141837 1
21141842 1
21141859 1
21141862 1
21141867 1
21141876 1
21141889 1
21141890 1
21141891 1
21141932 1
21141944 1
21141980 1
21141988 1
21142005 1
21142012 1
21142032 1
21142033 2
21142036 1
21142045 1
21142047 1
21142072 1
21142075 1
21142096 1
21142108 1
21142109 1
21142112 1
21142114 1
21142119 1
21142120 1
21142148 1
21142152 1
21142160 1
21142164 1
21142167 1
21142201 1
21142297 1
21142304 1
21142358 1
21142419 1
21142442 1
21142468 1
21142482 1
21142835 1
21142843 1
21142846 1
21142853 1
21142857 1
21142860 1
21142906 1
21142912 1
21142956 1
21142958 1
21142960 1
21143011 1
21143016 1
21143030 1
21143034 1
21143082 1
21143091 1
21143101 1
21143115 1
21143151 1
21143162 1
21143174 1
21143206 1
21143207 2
21143208 2
21143209 1
21143213 1
21143216 1
21143225 2
21143319 1
21143335 1
21143341 1
21143357 1
21143374 1
21143449 1
21143451 1
21143454 1
21143456 1
21143458 1
21143516 1
21143536 1
21143537 1
21143538 1
21143539 1
21143540 1
21143547 1
21143550 1
21143553 1
21143559 1
21143560 1
21143562 1
21143571 1
21143585 1
21143596 1
21143601 1
21143633 2
21143652 1
21143654 1
21143664 1
21143673 1
21143701 1
21143710 1
21143736 1
21143805 1
21143821 1
21143831 1
21144126 1
21144234 1
21144273 1
21144276 1
21144310 1
21144312 1
21144318 1
21144344 1
21144349 1
21144381 1
21144392 1
21144394 1
21144397 1
21144400 1
21144461 1
21144463 1
21144464 1
21144476 1
21144505 1
21144572 1
21144573 2
21144589 1
21144604 1
21144631 1
21144634 1
21144642 1
21144648 1
21144675 1
21144691 1
21144703 1
21144758 1
21144760 1
21144782 1
21144806 1
21144813 1
21144816 1
21144821 1
21144826 1
21144827 1
21144844 1
21144845 1
21144847 1
21144850 1
21144875 2
21144876 1
21144898 1
21144920 1
21144932 1
21144942 2
21145055 1
21145081 1
21145107 1
21145108 1
21145109 2
21145110 1
21145111 1
21145112 1
21145113 1
21145115 1
21145117 2
21145118 1
21145121 2
21145125 1
21145129 1
21145130 1
21145150 1
21145151 1
21145161 2
21145167 1
21145169 1
21145193 1
21145195 1
21145205 2
21145226 1
21145229 1
21145230 1
21145243 1
21145252 1
21145293 1
21145383 1
21145650 2
21145661 1
21145720 1
21145738 1
21145764 1
21145793 1
21145811 1
21145845 1
21145847 1
21145850 1
21145854 1
21145859 1
21145863 1
21145870 2
21145873 1
21145881 1
21145884 2
21145893 1
21145894 1
21145898 1
21145932 1
21145968 1
21145980 1
21146020 1
21146039 2
21146052 1
21146060 1
21146065 1
21146072 1
21146073 1
21146082 1
21146084 1
21146089 1
21146128 1
21146142 1
21146164 1
21146212 1
21146213 1
21146227 1
21146238 1
21146253 1
21146261 1
21146297 1
21146321 1
21146327 1
21146331 2
21146357 1
21146374 1
21146425 1
21146432 1
21146436 2
21146438 1
21146439 1
21146472 1
21146494 1
21146510 1
21146523 1
21146546 1
21146549 1
21146631 1
21146649 1
21146660 1
21146698 1
21147024 1
21147045 1
21147054 1
21147091 1
21147110 1
21147117 1
21147133 1
21147145 1
21147150 1
21147160 1
21147161 1
21147163 1
21147164 2
21147166 1
21147176 1
21147190 2
21147193 1
21147194 1
21147206 1
21147219 1
21147220 1
21147224 1
21147225 3
21147229 1
21147236 1
21147270 1
21147285 1
21147289 1
21147292 1
21147339 1
21147344 1
21147360 1
21147369 2
21147381 1
21147406 1
21147420 1
21147468 1
21147469 1
21147480 1
21147512 1
21147523 1
21147524 1
21147525 1
21147526 1
21147527 1
21147530 2
21147532 1
21147534 2
21147535 1
21147540 1
21147546 1
21147549 1
21147550 1
21147561 1
21147563 1
21147568 1
21147623 2
21147633 1
21147656 2
21147664 1
21147686 1
21147687 1
21147719 1
21147750 1
21147792 1
21147810 1
21147863 1
21147953 1
21147992 1
21148006 1
21148152 1
21148206 1
21148223 1
21148489 2
21148490 1
21148510 1
21148514 1
21148521 2
21148530 1
21148540 1
21148560 1
21148609 1
21148629 1
21148630 1
21148724 1
21148741 1
21148757 1
21148762 1
21148763 1
21148769 1
21148770 1
21148771 2
21148772 1
21148786 2
21148810 1
21148862 1
21148867 1
21148880 1
21148894 1
21148902 1
21148904 1
21148905 1
21148907 1
21148930 1
21148931 1
21148933 1
21148935 1
21148937 1
21148942 2
21148943 1
21148948 1
21148949 1
21148979 1
21148986 1
21149044 1
21149046 1
21149052 1
21149061 1
21149067 1
21149072 1
21149079 1
21149100 1
21149105 1
21149129 1
21149132 1
21149148 2
21149156 1
21149162 1
21149164 1
21149172 1
21149174 1
21149180 1
21149181 1
21149182 1
21149223 1
21149226 1
21149243 1
21149255 1
